#c:\Users\Jesper\OneDrive\Dokument\GitHub\SNACS\artificial_data.py
# GMT Wed Nov 23 10:54:42 2022
# 
0 1 1999 2 1998 3 1997 209
1 2 3 1999 4 1998 1260
2 3 4 5 1999 2002
3 4 5 6
4 5 6 7 252
5 6 7 8
6 7 8 9 1863 374
7 8 9 10
8 9 10 11 1180
9 10 11 12 461
10 11 12 13
11 12 13 14
12 13 14 15 1948 2018
13 14 15 16 1791
14 15 16 17 1318
15 16 17 18 1893 1842 945
16 17 18 19 1986
17 18 19 20 260 66 336
18 19 20 21 1599
19 20 21 22 941
20 21 22 23 1576 1709
21 22 23 24
22 23 24 25 242
23 24 25 26 1995 2005
24 25 26 27 193 797 1535
25 26 27 28
26 27 28 29
27 28 29 30 1801
28 29 30 31
29 30 31 32
30 31 32 33
31 32 33 34 590 814 665 432
32 33 34 35 844 1818
33 34 35 36 1766
34 35 36 37
35 36 37 38 1993
36 37 38 39 1940
37 38 39 40 1124 1758 956 2000
38 39 40 41 839 1612
39 40 41 42 473 290 2016
40 41 42 43 338 573
41 42 43 44 677
42 43 44 45 1926 892 1947
43 44 45 46
44 45 46 47 84
45 46 47 48 1522 1785
46 47 48 49 1968
47 48 49 50 1700
48 49 50 51
49 50 51 52 1561
50 51 52 53 483 789
51 52 53 54 1121
52 53 54 55 1414 282
53 54 55 56 1323 2010
54 55 56 57 1080
55 56 57 58
56 57 58 59 1693
57 58 59 60 417
58 59 60 61
59 60 61 62 1538
60 61 62 63 1541
61 62 63 64 1601
62 63 64 65 796
63 64 65 66 523
64 65 66 67 577
65 66 67 68 1193
66 67 68 69 222 299 595 2008
67 68 69 70
68 69 70 71 1859
69 70 71 72 600 1490 1691
70 71 72 73 726
71 72 73 74
72 73 74 75
73 74 75 76 1629
74 75 76 77
75 76 77 78 696 1371
76 77 78 79 773
77 78 79 80 114
78 79 80 81 1290
79 80 81 82 988 675
80 81 82 83
81 82 83 84 1027
82 83 84 85 1795 675
83 84 85 86 1216
84 85 86 87
85 86 87 88 813
86 87 88 89 572
87 88 89 90 882 724 1028 1819
88 89 90 91 1306 1302
89 90 91 92
90 91 92 93 1547
91 92 93 94 1065 344 929 1813
92 93 94 95
93 94 95 96 1967
94 95 96 97 1397
95 96 97 98 175
96 97 98 99 438 2005
97 98 99 100 589 945
98 99 100 101 1403
99 100 101 102 444 1006
100 101 102 103 1553
101 102 103 104
102 103 104 105 1911
103 104 105 106
104 105 106 107 424
105 106 107 108 1298
106 107 108 109 905 1471 1689
107 108 109 110 1767 756
108 109 110 111 989
109 110 111 112 1741
110 111 112 113 772 422 1123
111 112 113 114 660 1083
112 113 114 115 133 1339
113 114 115 116 564 592
114 115 116 117
115 116 117 118 1335
116 117 118 119
117 118 119 120
118 119 120 121 1810
119 120 121 122 1083
120 121 122 123 1335 1617
121 122 123 124 1408 134 279
122 123 124 125 1268 1440 746 1311
123 124 125 126
124 125 126 127
125 126 127 128 351 1386
126 127 128 129 969
127 128 129 130 1857
128 129 130 131 1812 259
129 130 131 132
130 131 132 133 2016
131 132 133 134 580 1673 2008
132 133 134 135 1242 1283
133 134 135 136
134 135 136 137
135 136 137 138 1831 478 2000
136 137 138 139 1473 462
137 138 139 140 1815
138 139 140 141 1086 807
139 140 141 142 1572 193
140 141 142 143
141 142 143 144 895
142 143 144 145 202 1753
143 144 145 146 234 1810
144 145 146 147
145 146 147 148
146 147 148 149 1223 594 875 1267
147 148 149 150 1677 459 1405 1906
148 149 150 151 980 1543
149 150 151 152 816 1508
150 151 152 153
151 152 153 154 409 1702
152 153 154 155 2017
153 154 155 156
154 155 156 157
155 156 157 158 1764 2011
156 157 158 159 424 487 1862 2016
157 158 159 160
158 159 160 161
159 160 161 162 955 983
160 161 162 163
161 162 163 164
162 163 164 165 1367
163 164 165 166
164 165 166 167 1042
165 166 167 168 601
166 167 168 169 2004
167 168 169 170
168 169 170 171 1494
169 170 171 172 1848
170 171 172 173 213 642
171 172 173 174 1152
172 173 174 175 1280
173 174 175 176 1893
174 175 176 177 775 186
175 176 177 178
176 177 178 179
177 178 179 180 1951
178 179 180 181 1074
179 180 181 182
180 181 182 183 1692
181 182 183 184 392 1360
182 183 184 185 357 1616
183 184 185 186 1850
184 185 186 187 1104
185 186 187 188 951
186 187 188 189
187 188 189 190
188 189 190 191 1158
189 190 191 192 202 379 1046
190 191 192 193
191 192 193 194 900
192 193 194 195 1403 1977 1961
193 194 195 196 878
194 195 196 197 723
195 196 197 198
196 197 198 199
197 198 199 200
198 199 200 201 241 1942 698
199 200 201 202
200 201 202 203 1615 957 1471
201 202 203 204 1941
202 203 204 205 1181 2016
203 204 205 206 1049 423
204 205 206 207 1055
205 206 207 208
206 207 208 209 1168 1420 2015
207 208 209 210 234 1022
208 209 210 211 865
209 210 211 212 1439 761 1241
210 211 212 213 1561 1268
211 212 213 214
212 213 214 215
213 214 215 216
214 215 216 217 2019
215 216 217 218
216 217 218 219 522
217 218 219 220
218 219 220 221 1327 548
219 220 221 222 1725 1360
220 221 222 223 1521 1754
221 222 223 224 347
222 223 224 225
223 224 225 226 680
224 225 226 227 553
225 226 227 228 549 916
226 227 228 229 256 444 935
227 228 229 230 1173
228 229 230 231 493
229 230 231 232 1168 832 474
230 231 232 233 1238
231 232 233 234 1805 670
232 233 234 235 1054
233 234 235 236 1024 1693
234 235 236 237 589
235 236 237 238 1779
236 237 238 239 1145
237 238 239 240 752
238 239 240 241 1920 1658
239 240 241 242 900 795
240 241 242 243 857 1190
241 242 243 244 1571
242 243 244 245
243 244 245 246 815
244 245 246 247 1885 1432 1312
245 246 247 248 1758 2019
246 247 248 249 1656
247 248 249 250 1121 1069
248 249 250 251 1591 641 2015
249 250 251 252 746
250 251 252 253 948
251 252 253 254 427
252 253 254 255
253 254 255 256 934
254 255 256 257 590 1169 280
255 256 257 258 1805 1592
256 257 258 259 1860 1969
257 258 259 260 879 521
258 259 260 261 1506 1484 1623
259 260 261 262 490
260 261 262 263 521
261 262 263 264 1825 1930
262 263 264 265
263 264 265 266 1346 2006
264 265 266 267 747
265 266 267 268
266 267 268 269 1723 556
267 268 269 270 784
268 269 270 271 924
269 270 271 272 339
270 271 272 273 1797
271 272 273 274 705 652
272 273 274 275 503
273 274 275 276 1532
274 275 276 277 460 1916
275 276 277 278 1430 1680
276 277 278 279 947
277 278 279 280 764
278 279 280 281 1362 1513
279 280 281 282 661
280 281 282 283
281 282 283 284 1249
282 283 284 285 1295
283 284 285 286 539
284 285 286 287
285 286 287 288 1409 1692
286 287 288 289 2005
287 288 289 290 2013
288 289 290 291 1150
289 290 291 292 1471
290 291 292 293 2009
291 292 293 294 1817 671 1738
292 293 294 295
293 294 295 296 1918
294 295 296 297 406 417 1079
295 296 297 298 1767
296 297 298 299 700
297 298 299 300 508 1651
298 299 300 301
299 300 301 302 858
300 301 302 303 883
301 302 303 304
302 303 304 305 1591 954
303 304 305 306
304 305 306 307
305 306 307 308
306 307 308 309 1613
307 308 309 310
308 309 310 311
309 310 311 312 447
310 311 312 313 1647
311 312 313 314 1346
312 313 314 315
313 314 315 316 547 1708
314 315 316 317 1248
315 316 317 318
316 317 318 319 1991
317 318 319 320 1041
318 319 320 321 1241 471 1416
319 320 321 322 1374
320 321 322 323 431
321 322 323 324 1532
322 323 324 325 1248 732
323 324 325 326 858
324 325 326 327 1513 1600
325 326 327 328
326 327 328 329 515 849
327 328 329 330
328 329 330 331 1705 455
329 330 331 332 778 1672 1974
330 331 332 333 1612
331 332 333 334 410
332 333 334 335
333 334 335 336 1791 1764
334 335 336 337 2009
335 336 337 338 1954 718
336 337 338 339 1373
337 338 339 340 752 1053 1547
338 339 340 341 830
339 340 341 342 1234 1353
340 341 342 343 366 1754 2017
341 342 343 344 1796
342 343 344 345 653
343 344 345 346 1082 419
344 345 346 347
345 346 347 348 1656
346 347 348 349 513
347 348 349 350 970 1046
348 349 350 351 1301 1054
349 350 351 352
350 351 352 353
351 352 353 354 556 2012
352 353 354 355 1553
353 354 355 356 1178
354 355 356 357 1056
355 356 357 358
356 357 358 359
357 358 359 360 859
358 359 360 361 1865 1406 1883
359 360 361 362 1983
360 361 362 363 998 542
361 362 363 364
362 363 364 365 1859
363 364 365 366 1086 1908
364 365 366 367 1693
365 366 367 368
366 367 368 369
367 368 369 370 447 1165
368 369 370 371 1917 451
369 370 371 372 1128 2002
370 371 372 373
371 372 373 374 791
372 373 374 375 1177 1671
373 374 375 376
374 375 376 377 1076 2006
375 376 377 378
376 377 378 379 1691 1079
377 378 379 380 1756 1672 994 1290
378 379 380 381
379 380 381 382 706
380 381 382 383 1832
381 382 383 384 462 660
382 383 384 385 512
383 384 385 386 852 1073
384 385 386 387
385 386 387 388 919
386 387 388 389 1674
387 388 389 390
388 389 390 391
389 390 391 392 1543 1920
390 391 392 393
391 392 393 394 1774 1505 768 2002
392 393 394 395
393 394 395 396 1336
394 395 396 397 1474
395 396 397 398
396 397 398 399 1023 1060
397 398 399 400 1435 1836 1774
398 399 400 401 1379
399 400 401 402
400 401 402 403 1112
401 402 403 404
402 403 404 405 581
403 404 405 406
404 405 406 407 1626 825
405 406 407 408 1076
406 407 408 409 1343
407 408 409 410
408 409 410 411 1316
409 410 411 412 1218
410 411 412 413
411 412 413 414 659
412 413 414 415 1429
413 414 415 416 738 786
414 415 416 417
415 416 417 418 1086 1997
416 417 418 419 1144
417 418 419 420 1589
418 419 420 421
419 420 421 422
420 421 422 423
421 422 423 424 529 582
422 423 424 425 1350 1746
423 424 425 426 1851
424 425 426 427
425 426 427 428 1317 1814
426 427 428 429 817
427 428 429 430 580 1189
428 429 430 431 1304
429 430 431 432 836
430 431 432 433 1316 2009
431 432 433 434
432 433 434 435
433 434 435 436
434 435 436 437 473 1950
435 436 437 438 556 986
436 437 438 439
437 438 439 440 505
438 439 440 441
439 440 441 442 852
440 441 442 443
441 442 443 444 1049 1643 1672
442 443 444 445 1422
443 444 445 446
444 445 446 447
445 446 447 448 1774 964
446 447 448 449
447 448 449 450
448 449 450 451
449 450 451 452
450 451 452 453 1569
451 452 453 454 869
452 453 454 455 1645
453 454 455 456
454 455 456 457
455 456 457 458
456 457 458 459
457 458 459 460
458 459 460 461 904 756 984
459 460 461 462
460 461 462 463
461 462 463 464
462 463 464 465
463 464 465 466 541 1857
464 465 466 467
465 466 467 468 1778
466 467 468 469 503 1733
467 468 469 470
468 469 470 471 1971
469 470 471 472
470 471 472 473
471 472 473 474
472 473 474 475 1798 699
473 474 475 476 2010
474 475 476 477 1425
475 476 477 478
476 477 478 479
477 478 479 480 1500
478 479 480 481
479 480 481 482 633 1017
480 481 482 483
481 482 483 484 1164 1677
482 483 484 485
483 484 485 486
484 485 486 487
485 486 487 488
486 487 488 489 1842
487 488 489 490 1939 1751
488 489 490 491
489 490 491 492
490 491 492 493 1305 1476
491 492 493 494 698
492 493 494 495 616
493 494 495 496 752
494 495 496 497 747 1830
495 496 497 498
496 497 498 499
497 498 499 500 1108 1248
498 499 500 501
499 500 501 502
500 501 502 503 2006
501 502 503 504
502 503 504 505
503 504 505 506
504 505 506 507 1850 2016
505 506 507 508
506 507 508 509
507 508 509 510
508 509 510 511 1506 1928 2006
509 510 511 512 1515
510 511 512 513 1001 1525 1009 1239
511 512 513 514 552
512 513 514 515 879 1734
513 514 515 516
514 515 516 517
515 516 517 518
516 517 518 519
517 518 519 520 1189 1454
518 519 520 521 2000
519 520 521 522 1492 627
520 521 522 523 1465
521 522 523 524 1299
522 523 524 525 704
523 524 525 526 785 862
524 525 526 527 1578
525 526 527 528 680 1576
526 527 528 529 1956
527 528 529 530
528 529 530 531
529 530 531 532 539
530 531 532 533
531 532 533 534
532 533 534 535
533 534 535 536 1857
534 535 536 537 1707 648
535 536 537 538
536 537 538 539 1000 1045
537 538 539 540
538 539 540 541 544 913
539 540 541 542
540 541 542 543 1628
541 542 543 544
542 543 544 545 1077 1748
543 544 545 546 2000
544 545 546 547
545 546 547 548
546 547 548 549
547 548 549 550 938 1627
548 549 550 551
549 550 551 552 655
550 551 552 553 1569
551 552 553 554 621 830
552 553 554 555
553 554 555 556 1486
554 555 556 557 2017
555 556 557 558 1216
556 557 558 559
557 558 559 560 2006
558 559 560 561 581 1013
559 560 561 562 1774 619 1063
560 561 562 563 792
561 562 563 564
562 563 564 565
563 564 565 566 1081
564 565 566 567
565 566 567 568 1489 588 1097 1300
566 567 568 569 806
567 568 569 570 2017
568 569 570 571 788
569 570 571 572 1751
570 571 572 573 1218
571 572 573 574 877
572 573 574 575 1557
573 574 575 576
574 575 576 577
575 576 577 578
576 577 578 579
577 578 579 580 1222 1259
578 579 580 581 2015
579 580 581 582 952
580 581 582 583
581 582 583 584 1859 1338
582 583 584 585 1701 1024 1745
583 584 585 586 1223 1289
584 585 586 587
585 586 587 588
586 587 588 589
587 588 589 590
588 589 590 591
589 590 591 592 1867
590 591 592 593
591 592 593 594
592 593 594 595
593 594 595 596 1503
594 595 596 597 826 1582
595 596 597 598
596 597 598 599 850 1525
597 598 599 600
598 599 600 601 982 1519
599 600 601 602
600 601 602 603 1262 1658
601 602 603 604
602 603 604 605 1181
603 604 605 606 1742 1907
604 605 606 607 2013
605 606 607 608 1816
606 607 608 609 837
607 608 609 610 1075 1111
608 609 610 611
609 610 611 612
610 611 612 613 616
611 612 613 614 1090
612 613 614 615 1314 1805
613 614 615 616
614 615 616 617
615 616 617 618 1917
616 617 618 619 687 1033 1492
617 618 619 620
618 619 620 621
619 620 621 622
620 621 622 623 1839
621 622 623 624
622 623 624 625 858
623 624 625 626
624 625 626 627
625 626 627 628
626 627 628 629
627 628 629 630
628 629 630 631
629 630 631 632 1248
630 631 632 633
631 632 633 634 2010
632 633 634 635
633 634 635 636 966
634 635 636 637
635 636 637 638
636 637 638 639 675 1731
637 638 639 640
638 639 640 641
639 640 641 642 1982
640 641 642 643 1815
641 642 643 644
642 643 644 645 1731 1125
643 644 645 646
644 645 646 647 761
645 646 647 648 1152
646 647 648 649
647 648 649 650 1222
648 649 650 651
649 650 651 652 1756
650 651 652 653
651 652 653 654 1987
652 653 654 655
653 654 655 656
654 655 656 657
655 656 657 658 1370
656 657 658 659 746
657 658 659 660 1408 1634
658 659 660 661
659 660 661 662 934 1479
660 661 662 663 1872 2013
661 662 663 664 2008
662 663 664 665
663 664 665 666 2011
664 665 666 667
665 666 667 668
666 667 668 669
667 668 669 670 1864
668 669 670 671 1688 1691 1463
669 670 671 672 769
670 671 672 673
671 672 673 674 1351
672 673 674 675 1556
673 674 675 676 1163 818
674 675 676 677
675 676 677 678 1530
676 677 678 679 1670
677 678 679 680
678 679 680 681
679 680 681 682
680 681 682 683 1989
681 682 683 684
682 683 684 685 1137
683 684 685 686 2017
684 685 686 687 901
685 686 687 688 1248
686 687 688 689 1014
687 688 689 690 1008
688 689 690 691 732 1756
689 690 691 692 1443 979 1661
690 691 692 693
691 692 693 694 2014
692 693 694 695 1286
693 694 695 696 1674 1845 2002
694 695 696 697 1856 1146 1210
695 696 697 698
696 697 698 699 1435 1499
697 698 699 700
698 699 700 701
699 700 701 702
700 701 702 703 945
701 702 703 704 1447 1848
702 703 704 705 1111
703 704 705 706 1579 1307
704 705 706 707 786
705 706 707 708 1759
706 707 708 709 742 1410 1791
707 708 709 710 1864
708 709 710 711
709 710 711 712
710 711 712 713
711 712 713 714
712 713 714 715
713 714 715 716
714 715 716 717 1662 1868
715 716 717 718
716 717 718 719
717 718 719 720
718 719 720 721 943 814 1305 2012
719 720 721 722
720 721 722 723
721 722 723 724 1905
722 723 724 725 1026
723 724 725 726 1314
724 725 726 727 1869 1160
725 726 727 728 823
726 727 728 729
727 728 729 730 2018
728 729 730 731 1824
729 730 731 732
730 731 732 733 2008
731 732 733 734 1166
732 733 734 735 931
733 734 735 736 870 2007
734 735 736 737
735 736 737 738
736 737 738 739 1905
737 738 739 740
738 739 740 741 1744 1299 1776
739 740 741 742
740 741 742 743 1541 762
741 742 743 744 1101 1067
742 743 744 745 829
743 744 745 746 1833 2014
744 745 746 747 1612 1334
745 746 747 748 1215
746 747 748 749 1662
747 748 749 750 1433
748 749 750 751
749 750 751 752 1986
750 751 752 753 954
751 752 753 754 1772
752 753 754 755 873
753 754 755 756 1894 1885
754 755 756 757 1119
755 756 757 758 1526
756 757 758 759 1304
757 758 759 760
758 759 760 761 1040
759 760 761 762 1120
760 761 762 763 1966 1230 1863
761 762 763 764 1996
762 763 764 765
763 764 765 766
764 765 766 767 1359
765 766 767 768
766 767 768 769
767 768 769 770 910 1614
768 769 770 771 856
769 770 771 772
770 771 772 773
771 772 773 774
772 773 774 775
773 774 775 776
774 775 776 777
775 776 777 778 1226
776 777 778 779 2015
777 778 779 780 1751
778 779 780 781 1098
779 780 781 782
780 781 782 783 931 1448 1512
781 782 783 784 839 1479
782 783 784 785 1717
783 784 785 786
784 785 786 787
785 786 787 788 813
786 787 788 789
787 788 789 790
788 789 790 791 893
789 790 791 792
790 791 792 793
791 792 793 794 2000
792 793 794 795 1702 1997 2009
793 794 795 796 1884
794 795 796 797 1550
795 796 797 798 1369
796 797 798 799 919
797 798 799 800
798 799 800 801 1593
799 800 801 802 858 1679
800 801 802 803
801 802 803 804 1464 1457
802 803 804 805 1793
803 804 805 806
804 805 806 807 1436 939
805 806 807 808
806 807 808 809
807 808 809 810 2009
808 809 810 811 1225 1965
809 810 811 812 1761
810 811 812 813 1339
811 812 813 814
812 813 814 815
813 814 815 816 1167
814 815 816 817
815 816 817 818 1463
816 817 818 819 864
817 818 819 820 2012
818 819 820 821
819 820 821 822
820 821 822 823 2007
821 822 823 824
822 823 824 825
823 824 825 826
824 825 826 827
825 826 827 828
826 827 828 829
827 828 829 830
828 829 830 831 1429
829 830 831 832
830 831 832 833
831 832 833 834
832 833 834 835
833 834 835 836
834 835 836 837
835 836 837 838 1652 1062
836 837 838 839 1580
837 838 839 840 1433
838 839 840 841
839 840 841 842
840 841 842 843 1982 1750
841 842 843 844
842 843 844 845 854 2002
843 844 845 846 1854 2004
844 845 846 847
845 846 847 848
846 847 848 849
847 848 849 850
848 849 850 851 1856
849 850 851 852
850 851 852 853 1813 1579
851 852 853 854
852 853 854 855 1110
853 854 855 856 985 1153 1425
854 855 856 857 1146
855 856 857 858
856 857 858 859 1710
857 858 859 860
858 859 860 861
859 860 861 862 1884 2011
860 861 862 863 1219
861 862 863 864 1314
862 863 864 865 2003
863 864 865 866
864 865 866 867
865 866 867 868
866 867 868 869 1298
867 868 869 870
868 869 870 871 1417 1579 1636
869 870 871 872
870 871 872 873
871 872 873 874 1029 1795
872 873 874 875
873 874 875 876 947
874 875 876 877
875 876 877 878
876 877 878 879
877 878 879 880
878 879 880 881
879 880 881 882 1814
880 881 882 883 1981
881 882 883 884 1112
882 883 884 885
883 884 885 886 1702
884 885 886 887 1147
885 886 887 888 1219
886 887 888 889 1235
887 888 889 890 1422 2015
888 889 890 891 1376
889 890 891 892 1815
890 891 892 893
891 892 893 894 1899 1472
892 893 894 895 1141
893 894 895 896
894 895 896 897 1720
895 896 897 898
896 897 898 899
897 898 899 900 1116
898 899 900 901 2001
899 900 901 902
900 901 902 903
901 902 903 904 1515 1211
902 903 904 905 1515 941
903 904 905 906 1926
904 905 906 907
905 906 907 908 1354
906 907 908 909
907 908 909 910
908 909 910 911 1520
909 910 911 912 1384 1447
910 911 912 913 1035
911 912 913 914
912 913 914 915 1193 1980
913 914 915 916
914 915 916 917 1851 1835
915 916 917 918
916 917 918 919
917 918 919 920
918 919 920 921 2001
919 920 921 922
920 921 922 923
921 922 923 924
922 923 924 925 931 1855
923 924 925 926
924 925 926 927
925 926 927 928 1620
926 927 928 929 1067
927 928 929 930 1018 1673
928 929 930 931
929 930 931 932
930 931 932 933
931 932 933 934 1889
932 933 934 935
933 934 935 936
934 935 936 937 1292 2009
935 936 937 938
936 937 938 939 1452
937 938 939 940 1165
938 939 940 941 1996
939 940 941 942
940 941 942 943
941 942 943 944 1457
942 943 944 945
943 944 945 946 1997
944 945 946 947 1541 1976 1052
945 946 947 948
946 947 948 949
947 948 949 950
948 949 950 951 1481
949 950 951 952
950 951 952 953 1176 1222
951 952 953 954
952 953 954 955 1571
953 954 955 956
954 955 956 957
955 956 957 958 1522 1902
956 957 958 959 2013
957 958 959 960
958 959 960 961 1180
959 960 961 962 1323 1550
960 961 962 963
961 962 963 964
962 963 964 965 1949
963 964 965 966 1312
964 965 966 967
965 966 967 968 1738 1109 1822
966 967 968 969 1404 1668
967 968 969 970 1038 1472 1400
968 969 970 971 1417 2003
969 970 971 972 2000
970 971 972 973
971 972 973 974
972 973 974 975 1838
973 974 975 976 1952
974 975 976 977
975 976 977 978 1415
976 977 978 979 1024 1605
977 978 979 980 1358 1821
978 979 980 981 1209
979 980 981 982
980 981 982 983 1711
981 982 983 984
982 983 984 985
983 984 985 986
984 985 986 987
985 986 987 988 1773
986 987 988 989 1292
987 988 989 990 1861
988 989 990 991 2016
989 990 991 992
990 991 992 993
991 992 993 994 1165 1260
992 993 994 995
993 994 995 996 1937 1083
994 995 996 997
995 996 997 998 1019
996 997 998 999 1863
997 998 999 1000 1391
998 999 1000 1001 1765 1920 2000
999 1000 1001 1002
1000 1001 1002 1003 1713
1001 1002 1003 1004 1163 1582
1002 1003 1004 1005
1003 1004 1005 1006
1004 1005 1006 1007 1363 1615
1005 1006 1007 1008 1858
1006 1007 1008 1009
1007 1008 1009 1010 1708
1008 1009 1010 1011
1009 1010 1011 1012 1197
1010 1011 1012 1013 1719
1011 1012 1013 1014
1012 1013 1014 1015 1115
1013 1014 1015 1016
1014 1015 1016 1017
1015 1016 1017 1018 1498 1625 1847
1016 1017 1018 1019 1895
1017 1018 1019 1020 1636 1822
1018 1019 1020 1021
1019 1020 1021 1022
1020 1021 1022 1023
1021 1022 1023 1024 1510 1767
1022 1023 1024 1025 2010
1023 1024 1025 1026
1024 1025 1026 1027
1025 1026 1027 1028 1716
1026 1027 1028 1029 1477
1027 1028 1029 1030 1568
1028 1029 1030 1031
1029 1030 1031 1032 1426 2004
1030 1031 1032 1033
1031 1032 1033 1034 1886 1040
1032 1033 1034 1035
1033 1034 1035 1036
1034 1035 1036 1037 1315
1035 1036 1037 1038 1046 1792
1036 1037 1038 1039 1185
1037 1038 1039 1040 1258
1038 1039 1040 1041
1039 1040 1041 1042 1568
1040 1041 1042 1043
1041 1042 1043 1044 1603 1743
1042 1043 1044 1045 1282
1043 1044 1045 1046
1044 1045 1046 1047 2001 2012
1045 1046 1047 1048 1388
1046 1047 1048 1049
1047 1048 1049 1050 1250
1048 1049 1050 1051
1049 1050 1051 1052
1050 1051 1052 1053
1051 1052 1053 1054 1318
1052 1053 1054 1055
1053 1054 1055 1056
1054 1055 1056 1057 1762
1055 1056 1057 1058
1056 1057 1058 1059 1829
1057 1058 1059 1060
1058 1059 1060 1061 1637 1636
1059 1060 1061 1062
1060 1061 1062 1063 1219
1061 1062 1063 1064
1062 1063 1064 1065
1063 1064 1065 1066 2007
1064 1065 1066 1067
1065 1066 1067 1068 1296
1066 1067 1068 1069 1725 1699
1067 1068 1069 1070
1068 1069 1070 1071 1619 2012 2015
1069 1070 1071 1072 1898 2011
1070 1071 1072 1073
1071 1072 1073 1074 1908
1072 1073 1074 1075
1073 1074 1075 1076
1074 1075 1076 1077
1075 1076 1077 1078
1076 1077 1078 1079
1077 1078 1079 1080 1961
1078 1079 1080 1081
1079 1080 1081 1082
1080 1081 1082 1083 1118
1081 1082 1083 1084
1082 1083 1084 1085 1122 1939
1083 1084 1085 1086 1834
1084 1085 1086 1087 1419
1085 1086 1087 1088 1223
1086 1087 1088 1089
1087 1088 1089 1090 1637
1088 1089 1090 1091
1089 1090 1091 1092
1090 1091 1092 1093
1091 1092 1093 1094
1092 1093 1094 1095
1093 1094 1095 1096 1543
1094 1095 1096 1097 1591
1095 1096 1097 1098 1539
1096 1097 1098 1099 1457 1512
1097 1098 1099 1100
1098 1099 1100 1101
1099 1100 1101 1102
1100 1101 1102 1103
1101 1102 1103 1104 1798
1102 1103 1104 1105 1419 1497
1103 1104 1105 1106 1722
1104 1105 1106 1107 1462
1105 1106 1107 1108 2003
1106 1107 1108 1109
1107 1108 1109 1110
1108 1109 1110 1111
1109 1110 1111 1112 1502
1110 1111 1112 1113
1111 1112 1113 1114
1112 1113 1114 1115
1113 1114 1115 1116
1114 1115 1116 1117 1667 1887
1115 1116 1117 1118 1757
1116 1117 1118 1119 1527
1117 1118 1119 1120
1118 1119 1120 1121 1843
1119 1120 1121 1122
1120 1121 1122 1123
1121 1122 1123 1124
1122 1123 1124 1125 1931 2005
1123 1124 1125 1126
1124 1125 1126 1127
1125 1126 1127 1128 1311
1126 1127 1128 1129
1127 1128 1129 1130 1370
1128 1129 1130 1131 2013
1129 1130 1131 1132 1864
1130 1131 1132 1133
1131 1132 1133 1134 1495 1603
1132 1133 1134 1135
1133 1134 1135 1136 1826 1842
1134 1135 1136 1137 1162
1135 1136 1137 1138 1602
1136 1137 1138 1139 1155
1137 1138 1139 1140
1138 1139 1140 1141
1139 1140 1141 1142
1140 1141 1142 1143
1141 1142 1143 1144 1544 1750
1142 1143 1144 1145
1143 1144 1145 1146 2001
1144 1145 1146 1147
1145 1146 1147 1148 1257
1146 1147 1148 1149 1481 1909
1147 1148 1149 1150 1770 2003
1148 1149 1150 1151
1149 1150 1151 1152
1150 1151 1152 1153
1151 1152 1153 1154 1970
1152 1153 1154 1155 1339 1711
1153 1154 1155 1156 1634
1154 1155 1156 1157 1254 1655 2017
1155 1156 1157 1158
1156 1157 1158 1159 1980 1566
1157 1158 1159 1160 1382 2012
1158 1159 1160 1161 2005
1159 1160 1161 1162 1678
1160 1161 1162 1163 2012
1161 1162 1163 1164 1856
1162 1163 1164 1165
1163 1164 1165 1166 1500
1164 1165 1166 1167
1165 1166 1167 1168
1166 1167 1168 1169
1167 1168 1169 1170
1168 1169 1170 1171 1292 1867
1169 1170 1171 1172 1481 1403
1170 1171 1172 1173 1281
1171 1172 1173 1174
1172 1173 1174 1175 1362 1253
1173 1174 1175 1176
1174 1175 1176 1177 1727
1175 1176 1177 1178 1281
1176 1177 1178 1179
1177 1178 1179 1180
1178 1179 1180 1181
1179 1180 1181 1182
1180 1181 1182 1183
1181 1182 1183 1184
1182 1183 1184 1185 1825 1499
1183 1184 1185 1186
1184 1185 1186 1187 1246
1185 1186 1187 1188
1186 1187 1188 1189
1187 1188 1189 1190
1188 1189 1190 1191 1693
1189 1190 1191 1192 1590 1343 1586
1190 1191 1192 1193 1570
1191 1192 1193 1194 1435
1192 1193 1194 1195 2006
1193 1194 1195 1196
1194 1195 1196 1197 1493
1195 1196 1197 1198 1574
1196 1197 1198 1199
1197 1198 1199 1200
1198 1199 1200 1201
1199 1200 1201 1202
1200 1201 1202 1203
1201 1202 1203 1204
1202 1203 1204 1205 2005
1203 1204 1205 1206
1204 1205 1206 1207
1205 1206 1207 1208
1206 1207 1208 1209 1668 1565
1207 1208 1209 1210 1881
1208 1209 1210 1211 1962 1310
1209 1210 1211 1212
1210 1211 1212 1213 1265 1563
1211 1212 1213 1214
1212 1213 1214 1215 2010
1213 1214 1215 1216
1214 1215 1216 1217
1215 1216 1217 1218 1397 1461
1216 1217 1218 1219
1217 1218 1219 1220 2019
1218 1219 1220 1221
1219 1220 1221 1222
1220 1221 1222 1223
1221 1222 1223 1224
1222 1223 1224 1225
1223 1224 1225 1226
1224 1225 1226 1227
1225 1226 1227 1228
1226 1227 1228 1229
1227 1228 1229 1230
1228 1229 1230 1231
1229 1230 1231 1232 1618 1499 1450 1571
1230 1231 1232 1233
1231 1232 1233 1234
1232 1233 1234 1235 1632
1233 1234 1235 1236 2009
1234 1235 1236 1237
1235 1236 1237 1238
1236 1237 1238 1239
1237 1238 1239 1240
1238 1239 1240 1241
1239 1240 1241 1242 1829
1240 1241 1242 1243 1458
1241 1242 1243 1244
1242 1243 1244 1245
1243 1244 1245 1246
1244 1245 1246 1247 1896
1245 1246 1247 1248 1677
1246 1247 1248 1249
1247 1248 1249 1250
1248 1249 1250 1251
1249 1250 1251 1252
1250 1251 1252 1253
1251 1252 1253 1254 1828 1280
1252 1253 1254 1255
1253 1254 1255 1256
1254 1255 1256 1257
1255 1256 1257 1258
1256 1257 1258 1259
1257 1258 1259 1260 1488
1258 1259 1260 1261 2003
1259 1260 1261 1262
1260 1261 1262 1263 1899 2009
1261 1262 1263 1264
1262 1263 1264 1265
1263 1264 1265 1266
1264 1265 1266 1267 1939 1954
1265 1266 1267 1268 1611
1266 1267 1268 1269 1726
1267 1268 1269 1270
1268 1269 1270 1271 1613
1269 1270 1271 1272
1270 1271 1272 1273 1551
1271 1272 1273 1274
1272 1273 1274 1275
1273 1274 1275 1276
1274 1275 1276 1277
1275 1276 1277 1278 1852
1276 1277 1278 1279
1277 1278 1279 1280 1630
1278 1279 1280 1281 1697
1279 1280 1281 1282 1720
1280 1281 1282 1283
1281 1282 1283 1284 1476
1282 1283 1284 1285 1545
1283 1284 1285 1286
1284 1285 1286 1287
1285 1286 1287 1288 1543
1286 1287 1288 1289
1287 1288 1289 1290
1288 1289 1290 1291
1289 1290 1291 1292
1290 1291 1292 1293
1291 1292 1293 1294
1292 1293 1294 1295
1293 1294 1295 1296
1294 1295 1296 1297
1295 1296 1297 1298
1296 1297 1298 1299 1714 1921
1297 1298 1299 1300
1298 1299 1300 1301
1299 1300 1301 1302
1300 1301 1302 1303
1301 1302 1303 1304 1783 1977
1302 1303 1304 1305
1303 1304 1305 1306 1815
1304 1305 1306 1307
1305 1306 1307 1308
1306 1307 1308 1309 1763
1307 1308 1309 1310
1308 1309 1310 1311 1584
1309 1310 1311 1312
1310 1311 1312 1313 1930
1311 1312 1313 1314
1312 1313 1314 1315
1313 1314 1315 1316 1768 2019
1314 1315 1316 1317
1315 1316 1317 1318
1316 1317 1318 1319 1515
1317 1318 1319 1320
1318 1319 1320 1321
1319 1320 1321 1322
1320 1321 1322 1323
1321 1322 1323 1324 1424
1322 1323 1324 1325
1323 1324 1325 1326
1324 1325 1326 1327 1388
1325 1326 1327 1328 1503
1326 1327 1328 1329
1327 1328 1329 1330
1328 1329 1330 1331 1510
1329 1330 1331 1332 1686 1621
1330 1331 1332 1333
1331 1332 1333 1334
1332 1333 1334 1335
1333 1334 1335 1336
1334 1335 1336 1337 1379
1335 1336 1337 1338
1336 1337 1338 1339 1740 1373
1337 1338 1339 1340 1972
1338 1339 1340 1341 1800
1339 1340 1341 1342 1542
1340 1341 1342 1343
1341 1342 1343 1344 1554 1669
1342 1343 1344 1345
1343 1344 1345 1346
1344 1345 1346 1347 1608 2018
1345 1346 1347 1348 1894
1346 1347 1348 1349
1347 1348 1349 1350 1351
1348 1349 1350 1351 1836
1349 1350 1351 1352
1350 1351 1352 1353
1351 1352 1353 1354
1352 1353 1354 1355 1513
1353 1354 1355 1356 1518 1554 1610
1354 1355 1356 1357
1355 1356 1357 1358 2010
1356 1357 1358 1359
1357 1358 1359 1360 1892 2011
1358 1359 1360 1361
1359 1360 1361 1362 1968
1360 1361 1362 1363 1766 1834
1361 1362 1363 1364
1362 1363 1364 1365
1363 1364 1365 1366
1364 1365 1366 1367
1365 1366 1367 1368 1652
1366 1367 1368 1369
1367 1368 1369 1370
1368 1369 1370 1371 1789
1369 1370 1371 1372
1370 1371 1372 1373 1431 1871
1371 1372 1373 1374
1372 1373 1374 1375 1473 1650
1373 1374 1375 1376
1374 1375 1376 1377
1375 1376 1377 1378
1376 1377 1378 1379
1377 1378 1379 1380
1378 1379 1380 1381
1379 1380 1381 1382
1380 1381 1382 1383
1381 1382 1383 1384
1382 1383 1384 1385
1383 1384 1385 1386 1394
1384 1385 1386 1387
1385 1386 1387 1388 1621 2008
1386 1387 1388 1389
1387 1388 1389 1390
1388 1389 1390 1391
1389 1390 1391 1392
1390 1391 1392 1393
1391 1392 1393 1394
1392 1393 1394 1395
1393 1394 1395 1396 1944 2019
1394 1395 1396 1397 1921
1395 1396 1397 1398
1396 1397 1398 1399 1431
1397 1398 1399 1400 1989
1398 1399 1400 1401 1909
1399 1400 1401 1402 2001
1400 1401 1402 1403
1401 1402 1403 1404 1482
1402 1403 1404 1405
1403 1404 1405 1406 1914 1847
1404 1405 1406 1407
1405 1406 1407 1408
1406 1407 1408 1409
1407 1408 1409 1410
1408 1409 1410 1411
1409 1410 1411 1412
1410 1411 1412 1413 1468
1411 1412 1413 1414
1412 1413 1414 1415
1413 1414 1415 1416
1414 1415 1416 1417
1415 1416 1417 1418
1416 1417 1418 1419 1660
1417 1418 1419 1420
1418 1419 1420 1421 1665
1419 1420 1421 1422 1996 1737
1420 1421 1422 1423 1631 1662
1421 1422 1423 1424
1422 1423 1424 1425
1423 1424 1425 1426 1920
1424 1425 1426 1427
1425 1426 1427 1428
1426 1427 1428 1429
1427 1428 1429 1430
1428 1429 1430 1431 1460
1429 1430 1431 1432
1430 1431 1432 1433
1431 1432 1433 1434 1980 2014
1432 1433 1434 1435
1433 1434 1435 1436 1504
1434 1435 1436 1437 1726
1435 1436 1437 1438
1436 1437 1438 1439
1437 1438 1439 1440 2013
1438 1439 1440 1441 1577 1982
1439 1440 1441 1442
1440 1441 1442 1443
1441 1442 1443 1444
1442 1443 1444 1445
1443 1444 1445 1446
1444 1445 1446 1447
1445 1446 1447 1448
1446 1447 1448 1449 1953
1447 1448 1449 1450
1448 1449 1450 1451 1829
1449 1450 1451 1452
1450 1451 1452 1453 1855
1451 1452 1453 1454
1452 1453 1454 1455
1453 1454 1455 1456 1834
1454 1455 1456 1457
1455 1456 1457 1458
1456 1457 1458 1459
1457 1458 1459 1460
1458 1459 1460 1461
1459 1460 1461 1462
1460 1461 1462 1463
1461 1462 1463 1464 1860
1462 1463 1464 1465
1463 1464 1465 1466 2006
1464 1465 1466 1467
1465 1466 1467 1468
1466 1467 1468 1469
1467 1468 1469 1470
1468 1469 1470 1471
1469 1470 1471 1472
1470 1471 1472 1473 1861
1471 1472 1473 1474 1549
1472 1473 1474 1475
1473 1474 1475 1476
1474 1475 1476 1477
1475 1476 1477 1478 1625
1476 1477 1478 1479
1477 1478 1479 1480
1478 1479 1480 1481
1479 1480 1481 1482
1480 1481 1482 1483
1481 1482 1483 1484
1482 1483 1484 1485 1743
1483 1484 1485 1486
1484 1485 1486 1487
1485 1486 1487 1488
1486 1487 1488 1489
1487 1488 1489 1490
1488 1489 1490 1491
1489 1490 1491 1492
1490 1491 1492 1493
1491 1492 1493 1494
1492 1493 1494 1495 1914
1493 1494 1495 1496
1494 1495 1496 1497
1495 1496 1497 1498
1496 1497 1498 1499 1524
1497 1498 1499 1500
1498 1499 1500 1501 1953
1499 1500 1501 1502
1500 1501 1502 1503 1839
1501 1502 1503 1504
1502 1503 1504 1505 1961
1503 1504 1505 1506
1504 1505 1506 1507
1505 1506 1507 1508
1506 1507 1508 1509
1507 1508 1509 1510 1787
1508 1509 1510 1511
1509 1510 1511 1512
1510 1511 1512 1513
1511 1512 1513 1514
1512 1513 1514 1515
1513 1514 1515 1516 1926
1514 1515 1516 1517 2013
1515 1516 1517 1518
1516 1517 1518 1519
1517 1518 1519 1520
1518 1519 1520 1521
1519 1520 1521 1522
1520 1521 1522 1523
1521 1522 1523 1524
1522 1523 1524 1525
1523 1524 1525 1526
1524 1525 1526 1527
1525 1526 1527 1528
1526 1527 1528 1529 1618
1527 1528 1529 1530
1528 1529 1530 1531
1529 1530 1531 1532 1588
1530 1531 1532 1533 1554 2014
1531 1532 1533 1534 1774
1532 1533 1534 1535
1533 1534 1535 1536 1763
1534 1535 1536 1537
1535 1536 1537 1538 2019
1536 1537 1538 1539
1537 1538 1539 1540
1538 1539 1540 1541
1539 1540 1541 1542
1540 1541 1542 1543
1541 1542 1543 1544 1816
1542 1543 1544 1545
1543 1544 1545 1546 1711
1544 1545 1546 1547 1683
1545 1546 1547 1548
1546 1547 1548 1549
1547 1548 1549 1550
1548 1549 1550 1551
1549 1550 1551 1552
1550 1551 1552 1553 1812
1551 1552 1553 1554 1958
1552 1553 1554 1555
1553 1554 1555 1556 1635
1554 1555 1556 1557
1555 1556 1557 1558
1556 1557 1558 1559
1557 1558 1559 1560
1558 1559 1560 1561 1587
1559 1560 1561 1562
1560 1561 1562 1563
1561 1562 1563 1564 1641
1562 1563 1564 1565 1597 1664
1563 1564 1565 1566 1760
1564 1565 1566 1567 1847
1565 1566 1567 1568
1566 1567 1568 1569
1567 1568 1569 1570 1872 1588
1568 1569 1570 1571
1569 1570 1571 1572 1826
1570 1571 1572 1573
1571 1572 1573 1574
1572 1573 1574 1575 1713
1573 1574 1575 1576
1574 1575 1576 1577 1631 2014
1575 1576 1577 1578
1576 1577 1578 1579
1577 1578 1579 1580
1578 1579 1580 1581
1579 1580 1581 1582
1580 1581 1582 1583
1581 1582 1583 1584 1933
1582 1583 1584 1585
1583 1584 1585 1586 2018
1584 1585 1586 1587 1834
1585 1586 1587 1588
1586 1587 1588 1589 1621
1587 1588 1589 1590
1588 1589 1590 1591
1589 1590 1591 1592
1590 1591 1592 1593
1591 1592 1593 1594
1592 1593 1594 1595
1593 1594 1595 1596
1594 1595 1596 1597
1595 1596 1597 1598
1596 1597 1598 1599
1597 1598 1599 1600
1598 1599 1600 1601
1599 1600 1601 1602
1600 1601 1602 1603
1601 1602 1603 1604 1833 1752
1602 1603 1604 1605
1603 1604 1605 1606
1604 1605 1606 1607
1605 1606 1607 1608 1882
1606 1607 1608 1609
1607 1608 1609 1610
1608 1609 1610 1611 1962
1609 1610 1611 1612
1610 1611 1612 1613
1611 1612 1613 1614
1612 1613 1614 1615
1613 1614 1615 1616
1614 1615 1616 1617
1615 1616 1617 1618
1616 1617 1618 1619
1617 1618 1619 1620
1618 1619 1620 1621 2004
1619 1620 1621 1622
1620 1621 1622 1623 1780
1621 1622 1623 1624 1916
1622 1623 1624 1625
1623 1624 1625 1626
1624 1625 1626 1627
1625 1626 1627 1628
1626 1627 1628 1629 1825
1627 1628 1629 1630 1632
1628 1629 1630 1631
1629 1630 1631 1632
1630 1631 1632 1633
1631 1632 1633 1634
1632 1633 1634 1635 2017
1633 1634 1635 1636 1791
1634 1635 1636 1637
1635 1636 1637 1638
1636 1637 1638 1639
1637 1638 1639 1640 1809
1638 1639 1640 1641
1639 1640 1641 1642
1640 1641 1642 1643
1641 1642 1643 1644
1642 1643 1644 1645
1643 1644 1645 1646
1644 1645 1646 1647 1927
1645 1646 1647 1648
1646 1647 1648 1649
1647 1648 1649 1650
1648 1649 1650 1651
1649 1650 1651 1652
1650 1651 1652 1653
1651 1652 1653 1654 1713
1652 1653 1654 1655 2006
1653 1654 1655 1656 2002
1654 1655 1656 1657
1655 1656 1657 1658
1656 1657 1658 1659
1657 1658 1659 1660
1658 1659 1660 1661
1659 1660 1661 1662
1660 1661 1662 1663
1661 1662 1663 1664 1912
1662 1663 1664 1665
1663 1664 1665 1666
1664 1665 1666 1667
1665 1666 1667 1668
1666 1667 1668 1669
1667 1668 1669 1670 1934
1668 1669 1670 1671
1669 1670 1671 1672
1670 1671 1672 1673
1671 1672 1673 1674
1672 1673 1674 1675 2004
1673 1674 1675 1676
1674 1675 1676 1677
1675 1676 1677 1678
1676 1677 1678 1679 1804
1677 1678 1679 1680
1678 1679 1680 1681
1679 1680 1681 1682
1680 1681 1682 1683
1681 1682 1683 1684 1766
1682 1683 1684 1685 1687
1683 1684 1685 1686 2012
1684 1685 1686 1687
1685 1686 1687 1688
1686 1687 1688 1689
1687 1688 1689 1690
1688 1689 1690 1691
1689 1690 1691 1692
1690 1691 1692 1693
1691 1692 1693 1694
1692 1693 1694 1695 1943
1693 1694 1695 1696
1694 1695 1696 1697
1695 1696 1697 1698
1696 1697 1698 1699
1697 1698 1699 1700
1698 1699 1700 1701
1699 1700 1701 1702
1700 1701 1702 1703
1701 1702 1703 1704 1889
1702 1703 1704 1705
1703 1704 1705 1706 1811
1704 1705 1706 1707
1705 1706 1707 1708
1706 1707 1708 1709 1814
1707 1708 1709 1710 2009
1708 1709 1710 1711
1709 1710 1711 1712
1710 1711 1712 1713
1711 1712 1713 1714
1712 1713 1714 1715
1713 1714 1715 1716
1714 1715 1716 1717
1715 1716 1717 1718
1716 1717 1718 1719 2015
1717 1718 1719 1720
1718 1719 1720 1721
1719 1720 1721 1722
1720 1721 1722 1723
1721 1722 1723 1724 2002
1722 1723 1724 1725
1723 1724 1725 1726
1724 1725 1726 1727
1725 1726 1727 1728 1863
1726 1727 1728 1729
1727 1728 1729 1730
1728 1729 1730 1731
1729 1730 1731 1732 1782 2017
1730 1731 1732 1733
1731 1732 1733 1734
1732 1733 1734 1735
1733 1734 1735 1736
1734 1735 1736 1737 2014
1735 1736 1737 1738
1736 1737 1738 1739 1985
1737 1738 1739 1740 1848 1950
1738 1739 1740 1741
1739 1740 1741 1742
1740 1741 1742 1743
1741 1742 1743 1744
1742 1743 1744 1745
1743 1744 1745 1746 1777 2007
1744 1745 1746 1747
1745 1746 1747 1748
1746 1747 1748 1749
1747 1748 1749 1750
1748 1749 1750 1751
1749 1750 1751 1752
1750 1751 1752 1753
1751 1752 1753 1754
1752 1753 1754 1755
1753 1754 1755 1756
1754 1755 1756 1757
1755 1756 1757 1758
1756 1757 1758 1759
1757 1758 1759 1760
1758 1759 1760 1761
1759 1760 1761 1762
1760 1761 1762 1763
1761 1762 1763 1764
1762 1763 1764 1765
1763 1764 1765 1766
1764 1765 1766 1767
1765 1766 1767 1768
1766 1767 1768 1769
1767 1768 1769 1770 1964
1768 1769 1770 1771
1769 1770 1771 1772
1770 1771 1772 1773
1771 1772 1773 1774
1772 1773 1774 1775
1773 1774 1775 1776
1774 1775 1776 1777
1775 1776 1777 1778
1776 1777 1778 1779 1807
1777 1778 1779 1780
1778 1779 1780 1781
1779 1780 1781 1782 1879
1780 1781 1782 1783 1951
1781 1782 1783 1784
1782 1783 1784 1785 2001
1783 1784 1785 1786
1784 1785 1786 1787
1785 1786 1787 1788
1786 1787 1788 1789
1787 1788 1789 1790
1788 1789 1790 1791
1789 1790 1791 1792
1790 1791 1792 1793
1791 1792 1793 1794
1792 1793 1794 1795
1793 1794 1795 1796
1794 1795 1796 1797
1795 1796 1797 1798 1823 1883
1796 1797 1798 1799
1797 1798 1799 1800
1798 1799 1800 1801
1799 1800 1801 1802
1800 1801 1802 1803
1801 1802 1803 1804
1802 1803 1804 1805
1803 1804 1805 1806 1823
1804 1805 1806 1807
1805 1806 1807 1808
1806 1807 1808 1809
1807 1808 1809 1810
1808 1809 1810 1811 1921 2014
1809 1810 1811 1812
1810 1811 1812 1813
1811 1812 1813 1814
1812 1813 1814 1815 2010 2015
1813 1814 1815 1816
1814 1815 1816 1817
1815 1816 1817 1818
1816 1817 1818 1819
1817 1818 1819 1820
1818 1819 1820 1821
1819 1820 1821 1822 2001
1820 1821 1822 1823
1821 1822 1823 1824
1822 1823 1824 1825
1823 1824 1825 1826
1824 1825 1826 1827
1825 1826 1827 1828
1826 1827 1828 1829
1827 1828 1829 1830 2003
1828 1829 1830 1831
1829 1830 1831 1832
1830 1831 1832 1833
1831 1832 1833 1834
1832 1833 1834 1835
1833 1834 1835 1836
1834 1835 1836 1837
1835 1836 1837 1838 1842
1836 1837 1838 1839
1837 1838 1839 1840
1838 1839 1840 1841 1976
1839 1840 1841 1842 2005
1840 1841 1842 1843 1951
1841 1842 1843 1844
1842 1843 1844 1845
1843 1844 1845 1846
1844 1845 1846 1847
1845 1846 1847 1848
1846 1847 1848 1849 2014
1847 1848 1849 1850
1848 1849 1850 1851
1849 1850 1851 1852
1850 1851 1852 1853
1851 1852 1853 1854
1852 1853 1854 1855
1853 1854 1855 1856
1854 1855 1856 1857 2007
1855 1856 1857 1858
1856 1857 1858 1859
1857 1858 1859 1860
1858 1859 1860 1861
1859 1860 1861 1862 1932 2018
1860 1861 1862 1863
1861 1862 1863 1864
1862 1863 1864 1865 2012
1863 1864 1865 1866 2011
1864 1865 1866 1867
1865 1866 1867 1868
1866 1867 1868 1869
1867 1868 1869 1870
1868 1869 1870 1871
1869 1870 1871 1872
1870 1871 1872 1873
1871 1872 1873 1874
1872 1873 1874 1875
1873 1874 1875 1876
1874 1875 1876 1877
1875 1876 1877 1878
1876 1877 1878 1879
1877 1878 1879 1880
1878 1879 1880 1881
1879 1880 1881 1882
1880 1881 1882 1883
1881 1882 1883 1884
1882 1883 1884 1885
1883 1884 1885 1886
1884 1885 1886 1887 2004
1885 1886 1887 1888
1886 1887 1888 1889
1887 1888 1889 1890
1888 1889 1890 1891 1965
1889 1890 1891 1892
1890 1891 1892 1893
1891 1892 1893 1894 1982 2011 2015
1892 1893 1894 1895
1893 1894 1895 1896
1894 1895 1896 1897
1895 1896 1897 1898
1896 1897 1898 1899
1897 1898 1899 1900
1898 1899 1900 1901
1899 1900 1901 1902
1900 1901 1902 1903
1901 1902 1903 1904
1902 1903 1904 1905
1903 1904 1905 1906 1995 2008
1904 1905 1906 1907
1905 1906 1907 1908
1906 1907 1908 1909
1907 1908 1909 1910
1908 1909 1910 1911
1909 1910 1911 1912
1910 1911 1912 1913
1911 1912 1913 1914
1912 1913 1914 1915
1913 1914 1915 1916
1914 1915 1916 1917
1915 1916 1917 1918 2007
1916 1917 1918 1919
1917 1918 1919 1920
1918 1919 1920 1921
1919 1920 1921 1922
1920 1921 1922 1923 1983
1921 1922 1923 1924
1922 1923 1924 1925
1923 1924 1925 1926 2002
1924 1925 1926 1927
1925 1926 1927 1928
1926 1927 1928 1929 2018
1927 1928 1929 1930
1928 1929 1930 1931
1929 1930 1931 1932
1930 1931 1932 1933
1931 1932 1933 1934
1932 1933 1934 1935
1933 1934 1935 1936
1934 1935 1936 1937
1935 1936 1937 1938
1936 1937 1938 1939
1937 1938 1939 1940
1938 1939 1940 1941
1939 1940 1941 1942
1940 1941 1942 1943
1941 1942 1943 1944
1942 1943 1944 1945
1943 1944 1945 1946
1944 1945 1946 1947
1945 1946 1947 1948
1946 1947 1948 1949
1947 1948 1949 1950
1948 1949 1950 1951
1949 1950 1951 1952
1950 1951 1952 1953
1951 1952 1953 1954
1952 1953 1954 1955
1953 1954 1955 1956
1954 1955 1956 1957
1955 1956 1957 1958
1956 1957 1958 1959
1957 1958 1959 1960
1958 1959 1960 1961
1959 1960 1961 1962
1960 1961 1962 1963
1961 1962 1963 1964
1962 1963 1964 1965
1963 1964 1965 1966
1964 1965 1966 1967
1965 1966 1967 1968
1966 1967 1968 1969
1967 1968 1969 1970
1968 1969 1970 1971
1969 1970 1971 1972
1970 1971 1972 1973
1971 1972 1973 1974
1972 1973 1974 1975
1973 1974 1975 1976
1974 1975 1976 1977
1975 1976 1977 1978
1976 1977 1978 1979
1977 1978 1979 1980
1978 1979 1980 1981
1979 1980 1981 1982
1980 1981 1982 1983
1981 1982 1983 1984
1982 1983 1984 1985
1983 1984 1985 1986
1984 1985 1986 1987
1985 1986 1987 1988
1986 1987 1988 1989
1987 1988 1989 1990
1988 1989 1990 1991
1989 1990 1991 1992
1990 1991 1992 1993
1991 1992 1993 1994
1992 1993 1994 1995
1993 1994 1995 1996
1994 1995 1996 1997
1995 1996 1997 1998
1996 1997 1998 1999
1997 1998 1999
1998 1999
1999
2000
2001
2002
2003
2004
2005
2006
2007
2008
2009
2010
2011
2012
2013
2014
2015
2016
2017
2018
2019
